RadialPosition (mm) 	 AxialPosition (mm) 	 UAxialMean (m/s) 	 UAxialRMS (m/s) 	 VRadialMean (m/s) 	 VRadialRMS (m/s) 
46.000000 	 50.000000 	 0.618983 	 0.607444 	 -0.659033 	 0.633191 
43.000000 	 50.000000 	 1.001638 	 0.956224 	 -0.571560 	 1.072482 
40.000000 	 50.000000 	 1.894798 	 1.487772 	 -0.181777 	 1.769711 
38.000000 	 50.000000 	 3.600446 	 2.206508 	 0.534865 	 2.411896 
36.000000 	 50.000000 	 5.147923 	 2.685038 	 0.998065 	 2.725561 
34.000000 	 50.000000 	 7.290544 	 2.852384 	 1.539570 	 2.977515 
33.000000 	 50.000000 	 8.333393 	 2.874070 	 1.799335 	 3.092036 
32.000000 	 50.000000 	 9.378433 	 2.871789 	 1.922153 	 3.036110 
31.000000 	 50.000000 	 9.792599 	 2.975634 	 2.242874 	 3.096280 
30.000000 	 50.000000 	 11.092750 	 2.755174 	 2.514017 	 2.882215 
29.000000 	 50.000000 	 12.181579 	 2.531344 	 2.790807 	 2.621641 
28.000000 	 50.000000 	 12.585128 	 2.225351 	 2.576399 	 2.437349 
27.000000 	 50.000000 	 12.566528 	 2.021891 	 2.643269 	 2.052720 
26.000000 	 50.000000 	 12.362635 	 2.096458 	 1.992038 	 2.107899 
25.000000 	 50.000000 	 12.199300 	 2.137857 	 2.004130 	 1.894866 
24.000000 	 50.000000 	 11.540188 	 2.146723 	 1.589278 	 1.738313 
23.000000 	 50.000000 	 10.514673 	 2.328154 	 1.046586 	 1.732665 
22.000000 	 50.000000 	 8.693508 	 2.641783 	 0.987604 	 1.478732 
21.000000 	 50.000000 	 7.668327 	 2.802052 	 0.762472 	 1.484205 
20.000000 	 50.000000 	 5.629899 	 2.570049 	 0.623051 	 1.358861 
19.000000 	 50.000000 	 4.046102 	 2.360044 	 0.483508 	 1.345515 
18.000000 	 50.000000 	 2.912543 	 2.307744 	 0.388714 	 1.328420 
17.000000 	 50.000000 	 1.653005 	 2.052743 	 0.418612 	 1.334450 
16.000000 	 50.000000 	 0.790975 	 2.072603 	 0.426116 	 1.413636 
15.000000 	 50.000000 	 0.173848 	 2.114779 	 0.353598 	 1.364604 
14.000000 	 50.000000 	 -0.607679 	 1.997998 	 0.408537 	 1.401758 
13.000000 	 50.000000 	 -1.104102 	 1.939901 	 0.493462 	 1.392182 
12.000000 	 50.000000 	 -1.694814 	 1.980175 	 0.418819 	 1.465127 
11.000000 	 50.000000 	 -1.972386 	 1.801934 	 0.508527 	 1.442738 
10.000000 	 50.000000 	 -2.179596 	 1.737855 	 0.292073 	 1.359091 
9.000000 	 50.000000 	 -2.502217 	 1.719385 	 0.341082 	 1.480379 
8.000000 	 50.000000 	 -2.714077 	 1.677949 	 0.357708 	 1.380732 
7.000000 	 50.000000 	 -2.741893 	 1.696461 	 0.253232 	 1.348348 
6.000000 	 50.000000 	 -3.016282 	 1.592284 	 0.274154 	 1.455946 
5.000000 	 50.000000 	 -3.013538 	 1.665211 	 0.267364 	 1.368264 
4.000000 	 50.000000 	 -3.100615 	 1.632267 	 0.202800 	 1.395051 
3.000000 	 50.000000 	 -3.367493 	 1.666435 	 0.090832 	 1.392657 
2.000000 	 50.000000 	 -3.065437 	 1.684333 	 0.158051 	 1.328255 
1.000000 	 50.000000 	 -3.155449 	 1.689522 	 -0.173451 	 1.408054 
0.000000 	 50.000000 	 -3.101780 	 1.630236 	 -0.075825 	 1.347943 
-1.000000 	 50.000000 	 -3.282464 	 1.637817 	 -0.181581 	 1.261827 
-2.000000 	 50.000000 	 -3.305821 	 1.585499 	 -0.318962 	 1.407141 
-3.000000 	 50.000000 	 -3.215688 	 1.640153 	 -0.218581 	 1.371865 
-4.000000 	 50.000000 	 -3.525033 	 1.624628 	 -0.282209 	 1.441015 
-5.000000 	 50.000000 	 -3.328836 	 1.617889 	 -0.342196 	 1.368850 
-6.000000 	 50.000000 	 -3.385199 	 1.589781 	 -0.229208 	 1.441222 
-7.000000 	 50.000000 	 -3.215169 	 1.631190 	 -0.524863 	 1.380641 
-8.000000 	 50.000000 	 -3.277089 	 1.693033 	 -0.477439 	 1.472707 
-9.000000 	 50.000000 	 -3.168937 	 1.680393 	 -0.402043 	 1.416021 
-10.000000 	 50.000000 	 -3.050243 	 1.712693 	 -0.434332 	 1.439330 
-11.000000 	 50.000000 	 -2.743382 	 1.839075 	 -0.390356 	 1.426429 
-12.000000 	 50.000000 	 -2.380512 	 1.795259 	 -0.357093 	 1.464678 
-13.000000 	 50.000000 	 -1.970424 	 1.934806 	 -0.388472 	 1.505705 
-14.000000 	 50.000000 	 -1.002576 	 2.317118 	 -0.358345 	 1.513162 
-15.000000 	 50.000000 	 -0.169482 	 2.418831 	 -0.410218 	 1.444831 
-16.000000 	 50.000000 	 0.874522 	 2.579687 	 -0.436742 	 1.454317 
-17.000000 	 50.000000 	 2.549497 	 2.722569 	 -0.503493 	 1.412630 
-18.000000 	 50.000000 	 4.027485 	 2.968324 	 -0.626818 	 1.400975 
-19.000000 	 50.000000 	 6.227233 	 3.004300 	 -0.862324 	 1.379121 
-20.000000 	 50.000000 	 8.240672 	 2.774357 	 -1.146667 	 1.504011 
-21.000000 	 50.000000 	 9.824738 	 2.540726 	 -1.483690 	 1.573489 
-22.000000 	 50.000000 	 11.011025 	 2.363622 	 -1.805484 	 1.738274 
-23.000000 	 50.000000 	 12.116884 	 2.224561 	 -2.165178 	 1.977977 
-24.000000 	 50.000000 	 12.682239 	 2.154531 	 -2.567846 	 2.167491 
-25.000000 	 50.000000 	 12.790366 	 2.242951 	 -2.586586 	 2.454963 
-26.000000 	 50.000000 	 12.432810 	 2.439789 	 -2.420868 	 2.861070 
-27.000000 	 50.000000 	 11.357838 	 2.911989 	 -1.896729 	 3.155194 
-28.000000 	 50.000000 	 10.209509 	 3.061677 	 -1.538524 	 3.232213 
-29.000000 	 50.000000 	 8.853182 	 3.115706 	 -1.004568 	 3.182350 
-30.000000 	 50.000000 	 7.796544 	 3.010648 	 -0.824326 	 3.120859 
-31.000000 	 50.000000 	 6.245493 	 2.775690 	 -0.449765 	 2.852409 
-32.000000 	 50.000000 	 5.115723 	 2.609968 	 -0.208142 	 2.614052 
-33.000000 	 50.000000 	 4.339531 	 2.333044 	 0.048711 	 2.342207 
-34.000000 	 50.000000 	 3.140563 	 1.931429 	 0.354951 	 1.996986 
-36.000000 	 50.000000 	 1.836540 	 1.432180 	 0.598758 	 1.509027 
-38.000000 	 50.000000 	 1.110931 	 1.005261 	 0.755827 	 1.071253 
-40.000000 	 50.000000 	 0.694529 	 0.669270 	 0.743834 	 0.666639 
-43.000000 	 50.000000 	 0.636120 	 0.513235 	 0.709032 	 0.461040 
-46.000000 	 50.000000 	 0.657655 	 0.391562 	 0.701999 	 0.322385 
