RadialPosition (mm) 	 AxialPosition (mm) 	 UAxialMean (m/s) 	 UAxialRMS (m/s) 	 VRadialMean (m/s) 	 VRadialRMS (m/s) 
35.000000 	 40.000000 	 0.363375 	 0.486822 	 -0.497568 	 0.409414 
34.000000 	 40.000000 	 0.402144 	 0.513203 	 -0.522624 	 0.443257 
33.000000 	 40.000000 	 0.423486 	 0.588615 	 -0.527692 	 0.538955 
32.000000 	 40.000000 	 0.482794 	 0.685664 	 -0.509190 	 0.669092 
31.000000 	 40.000000 	 0.708414 	 0.873968 	 -0.487205 	 0.875027 
30.000000 	 40.000000 	 1.083455 	 1.134095 	 -0.458891 	 1.093210 
29.000000 	 40.000000 	 1.623057 	 1.406529 	 -0.397803 	 1.336405 
28.000000 	 40.000000 	 2.545827 	 1.835562 	 -0.247006 	 1.634077 
27.000000 	 40.000000 	 3.839593 	 2.271234 	 0.235361 	 2.066927 
26.000000 	 40.000000 	 5.347340 	 2.550461 	 0.607077 	 2.495403 
25.000000 	 40.000000 	 6.659209 	 2.748123 	 0.948036 	 2.670918 
24.000000 	 40.000000 	 8.686509 	 2.930755 	 1.389905 	 2.949498 
23.000000 	 40.000000 	 10.813285 	 3.056833 	 2.047077 	 3.038705 
22.000000 	 40.000000 	 12.551875 	 2.995003 	 2.389750 	 2.982295 
21.000000 	 40.000000 	 13.589260 	 2.690484 	 2.775269 	 2.566743 
20.000000 	 40.000000 	 13.653610 	 2.348935 	 2.737937 	 2.171468 
19.000000 	 40.000000 	 13.891561 	 2.255791 	 2.569089 	 1.843804 
18.000000 	 40.000000 	 13.063908 	 2.209899 	 2.203455 	 1.542658 
17.000000 	 40.000000 	 11.938682 	 1.933674 	 1.879382 	 1.280152 
16.000000 	 40.000000 	 11.188280 	 1.498468 	 1.370539 	 1.109572 
15.000000 	 40.000000 	 10.605094 	 1.153072 	 0.859257 	 0.951521 
14.000000 	 40.000000 	 10.124394 	 0.855238 	 0.434517 	 0.787154 
13.000000 	 40.000000 	 10.051210 	 0.775789 	 0.147374 	 0.723555 
12.000000 	 40.000000 	 9.345853 	 1.034670 	 0.171093 	 0.670218 
11.000000 	 40.000000 	 9.676755 	 0.689906 	 -0.202685 	 0.553684 
10.000000 	 40.000000 	 9.636887 	 0.662596 	 -0.290491 	 0.510638 
9.000000 	 40.000000 	 9.370939 	 0.663964 	 -0.365440 	 0.495745 
8.000000 	 40.000000 	 9.113722 	 0.677218 	 -0.364401 	 0.453508 
7.000000 	 40.000000 	 8.734085 	 0.697143 	 -0.415414 	 0.438619 
6.000000 	 40.000000 	 8.224943 	 0.707694 	 -0.446136 	 0.421708 
5.000000 	 40.000000 	 7.585681 	 0.764903 	 -0.449116 	 0.405606 
4.000000 	 40.000000 	 7.039876 	 0.796061 	 -0.475078 	 0.455786 
3.000000 	 40.000000 	 6.350556 	 0.738469 	 -0.460656 	 0.440460 
2.000000 	 40.000000 	 5.809485 	 0.696005 	 -0.424745 	 0.452317 
1.000000 	 40.000000 	 5.331573 	 0.633355 	 -0.398763 	 0.445032 
0.000000 	 40.000000 	 5.289290 	 0.555583 	 -0.361656 	 0.467922 
-1.000000 	 40.000000 	 5.224044 	 0.534950 	 -0.317214 	 0.454088 
-2.000000 	 40.000000 	 5.216896 	 0.564166 	 -0.313851 	 0.440290 
-3.000000 	 40.000000 	 5.588323 	 0.707459 	 -0.302702 	 0.425146 
-4.000000 	 40.000000 	 6.057908 	 0.804045 	 -0.254906 	 0.409353 
-5.000000 	 40.000000 	 6.604134 	 0.903810 	 -0.249380 	 0.407784 
-6.000000 	 40.000000 	 7.428496 	 0.867607 	 -0.288383 	 0.404278 
-7.000000 	 40.000000 	 8.047187 	 0.802239 	 -0.284360 	 0.402491 
-8.000000 	 40.000000 	 8.720018 	 0.754668 	 -0.310845 	 0.436459 
-9.000000 	 40.000000 	 9.257042 	 0.685813 	 -0.354325 	 0.480772 
-10.000000 	 40.000000 	 9.595809 	 0.687646 	 -0.362785 	 0.529725 
-11.000000 	 40.000000 	 9.818096 	 0.673934 	 -0.395684 	 0.586595 
-12.000000 	 40.000000 	 10.064269 	 0.735254 	 -0.476289 	 0.665396 
-13.000000 	 40.000000 	 10.310779 	 0.801272 	 -0.611745 	 0.783574 
-14.000000 	 40.000000 	 10.646377 	 0.976265 	 -0.871040 	 0.889809 
-15.000000 	 40.000000 	 11.397433 	 1.459843 	 -1.255048 	 1.087650 
-16.000000 	 40.000000 	 12.543366 	 1.930321 	 -1.737098 	 1.310351 
-17.000000 	 40.000000 	 13.789860 	 2.271867 	 -2.110618 	 1.612163 
-18.000000 	 40.000000 	 14.824722 	 2.261556 	 -2.528976 	 1.859456 
-19.000000 	 40.000000 	 15.270345 	 2.330913 	 -2.907634 	 2.168537 
-20.000000 	 40.000000 	 14.855180 	 2.491667 	 -2.826178 	 2.562438 
-21.000000 	 40.000000 	 13.063223 	 2.946511 	 -2.276076 	 3.035596 
-22.000000 	 40.000000 	 10.931787 	 3.248387 	 -1.647659 	 3.138153 
-23.000000 	 40.000000 	 8.309599 	 3.013448 	 -0.560665 	 2.893318 
-24.000000 	 40.000000 	 6.322390 	 2.824692 	 -0.327362 	 2.583821 
-25.000000 	 40.000000 	 4.484404 	 2.297075 	 0.136774 	 2.140525 
-26.000000 	 40.000000 	 3.114768 	 1.927159 	 0.343866 	 1.784956 
-27.000000 	 40.000000 	 2.064272 	 1.437271 	 0.467189 	 1.459598 
-28.000000 	 40.000000 	 1.347494 	 1.119756 	 0.526271 	 1.126293 
-29.000000 	 40.000000 	 1.004899 	 0.836623 	 0.535125 	 0.856200 
-30.000000 	 40.000000 	 0.772029 	 0.695131 	 0.515846 	 0.690863 
-31.000000 	 40.000000 	 0.696407 	 0.600862 	 0.499494 	 0.578831 
-32.000000 	 40.000000 	 0.652846 	 0.542181 	 0.463000 	 0.462294 
-33.000000 	 40.000000 	 0.667955 	 0.468114 	 0.457366 	 0.386799 
-34.000000 	 40.000000 	 0.550680 	 0.443930 	 0.414614 	 0.326494 
-35.000000 	 40.000000 	 0.542558 	 0.428135 	 0.387798 	 0.270144 
